-1 D-0 0 -0.55845945
-1 D-1 0 -1.2948295
-1 D-2 0 -1.504792
-1 D-3 0 -1.7434247
-1 D-4 0 -1.2069484
-1 D-5 0 -1.6747665
-1 D-6 0 -1.5640194
-1 D-7 0 -0.29444103
-1 D-8 0 -0.96743314
1.0 D-9 1 1.5480773
0.0 D-10 0 -0.84069243
-1 D-11 0 -1.6227778
-1 D-12 0 -2.7503905
-1 D-13 0 -2.2018329
-1 D-14 0 -1.362504
0.0 D-15 0 -0.23167502
-1 D-16 0 -1.077655
-1 D-17 0 -2.3557145
-1 D-18 0 -2.3984045
-1 D-19 0 -2.1648006
-1 D-20 0 -2.6853796
-1 D-21 0 -1.0060934
0.0 D-22 0 -0.63875451
-1 D-23 0 -0.69224114
0.0 D-24 1 0.39447457
0.0 D-25 1 0.086239646
0.0 D-26 1 0.46932536
0.0 D-27 1 0.46815752
-1 D-28 0 -1.69601
-1 D-29 0 -0.26431664
-1 D-30 0 -0.43316924
-1 D-31 0 -1.0832009
-1 D-32 0 -1.0948136
-1 D-33 0 -2.1991141
-1 D-34 0 -2.3898146
-1 D-35 0 -1.4451317
-1 D-36 0 -0.29181453
0.0 D-37 0 -0.51668739
-1 D-38 0 -0.61550781
-1 D-39 0 -1.3840314
-1 D-40 0 -2.8182234
-1 D-41 0 -0.79464648
-1 D-42 0 -1.9624085
-1 D-43 0 -2.3230585
-1 D-44 0 -3.9046115
-1 D-45 0 -1.2374048
-1 D-46 0 -2.8116491
-1 D-47 0 -3.43736
-1 D-48 0 -3.518463
-1 D-49 0 -4.0211263
-1 D-50 0 -2.010597
0.0 D-51 0 -0.26613762
0.0 D-52 1 0.17656812
0.0 D-53 0 -0.38170359
-1 D-54 0 -1.3978977
-1 D-55 0 -0.97864484
-1 D-56 0 -0.64212368
-1 D-57 0 -0.78832212
-1 D-58 0 -2.5099013
-1 D-59 0 -2.4928438
0.0 D-60 0 -0.49557136
-1 D-61 0 -2.2217785
0.0 D-62 1 0.040127051
-1 D-63 0 -0.5353553
-1 D-64 0 -1.6036933
0.0 D-65 0 -0.95278797
-1 D-66 0 -1.2649782
-1 D-67 0 -0.70904899
-1 D-68 0 -1.2224087
-1 D-69 0 -1.4083989
0.0 D-70 0 -0.33889117
-1 D-71 0 -0.94409572
-1 D-72 0 -0.9738783
1.0 D-73 1 0.55702742
-1 D-74 0 -0.47309322
-1 D-75 0 -1.8540559
-1 D-76 0 -3.0843211
-1 D-77 0 -1.5875596
-1 D-78 0 -2.7174566
-1 D-79 0 -0.89529117
0.0 D-80 0 -0.89453737
-1 D-81 0 -1.1068681
-1 D-82 0 -1.2392851
-1 D-83 0 -1.5153975
1.0 D-84 1 0.10567435
-1 D-85 0 -0.748414
0.0 D-86 0 -0.3674678
-1 D-87 0 -0.59179381
-1 D-88 0 -2.306892
-1 D-89 0 -3.126752
-1 D-90 0 -2.645616
-1 D-91 0 -3.1111541
-1 D-92 0 -2.1599725
-1 D-93 0 -1.6199656
-1 D-94 0 -2.3090571
-1 D-95 0 -1.4967037
-1 D-96 0 -3.019873
-1 D-97 0 -2.845326
-1 D-98 0 -0.84892126
1.0 D-99 1 1.2018984
1.0 D-100 1 0.66329319
-1 D-101 0 -0.25319601
-1 D-102 0 -0.48865322
0.0 D-103 1 0.16427068
1.0 D-104 1 1.3232568
0.0 D-105 1 0.93139019
-1 D-106 0 -1.0488646
0.0 D-107 0 -0.3685431
1.0 D-108 1 0.30002782
-1 D-109 0 -0.2422724
-1 D-110 0 -0.51062764
0.0 D-111 0 -0.27671741
-1 D-112 0 -2.6336759
-1 D-113 0 -2.7205546
-1 D-114 0 -2.6875783
-1 D-115 0 -2.3051801
-1 D-116 0 -2.4644377
-1 D-117 0 -2.2531387
-1 D-118 0 -1.9966157
-1 D-119 0 -2.4491009
-1 D-120 0 -1.9414764
-1 D-121 0 -1.3366024
1.0 D-122 1 0.40876318
0.0 D-123 1 0.086249373
-1 D-124 0 -1.935203
-1 D-125 0 -1.2734215
-1 D-126 0 -0.75309495
-1 D-127 0 -1.0166527
-1 D-128 0 -2.6216261
-1 D-129 0 -0.39892619
-1 D-130 0 -0.62607219
-1 D-131 0 -2.5920007
-1 D-132 0 -0.55533941
-1 D-133 0 -2.628937
-1 D-134 0 -2.5143876
-1 D-135 0 -0.64847287
0.0 D-136 0 -0.012891631
0.0 D-137 1 0.45048217
-1 D-138 0 -1.0482108
-1 D-139 0 -1.2173901
-1 D-140 0 -0.66535076
0.0 D-141 1 1.9636291
-1 D-142 0 -1.6564748
-1 D-143 0 -1.610342
-1 D-144 0 -0.59922183
-1 D-145 0 -0.45755335
1.0 D-146 1 0.007965667
-1 D-147 0 -1.5751609
0.0 D-148 1 0.8689018
-1 D-149 0 -1.1555519
-1 D-150 0 -1.7026286
-1 D-151 0 -0.94718921
-1 D-152 0 -0.62538174
-1 D-153 0 -1.1303878
-1 D-154 0 -0.96104935
-1 D-155 0 -0.92178455
-1 D-156 0 -0.98488524
-1 D-157 0 -0.94393941
-1 D-158 0 -0.82434085
-1 D-159 0 -1.3755318
-1 D-160 0 -1.754593
-1 D-161 0 -1.5173514
-1 D-162 0 -1.4780866
-1 D-163 0 -1.9075884
-1 D-164 0 -1.8666426
-1 D-165 0 -2.358916
-1 D-166 0 -0.47146132
-1 D-167 0 -0.43567561
-1 D-168 0 -0.41658605
1.0 D-169 1 0.29276401
0.0 D-170 1 0.33370984
0.0 D-171 1 1.1139193
-1 D-172 0 -2.6079514
-1 D-173 0 -2.4884612
-1 D-174 0 -1.3611006
0.0 D-175 0 -1.3201548
-1 D-176 0 -0.22109951
-1 D-177 0 -2.0631298
0.0 D-178 0 -0.80427694
-1 D-179 0 -0.81324393
0.0 D-180 1 0.55832999
-1 D-181 0 -0.69912527
0.0 D-182 0 -0.82596043
0.0 D-183 1 0.54561348
0.0 D-184 1 0.12440572
0.0 D-185 1 0.82803308
-1 D-186 0 -0.59243444
-1 D-187 0 -2.0571921
-1 D-188 0 -1.5520756
-1 D-189 0 -0.20744189
-1 D-190 0 -2.2132608
-1 D-191 0 -0.75469991
1.0 D-192 1 0.031292279
1.0 D-193 1 2.2472428
0.0 D-194 1 0.12947901
0.0 D-195 1 0.02779977
0.0 D-196 0 -2.1807685
-1 D-197 0 -2.4554428
-1 D-198 0 -0.86460416
-1 D-199 0 -2.1945572
-1 D-200 0 -0.42958306
1.0 D-201 1 1.1538933
-1 D-202 0 -0.78818427
-1 D-203 0 -1.0002222
1.0 D-204 1 0.36479893
1.0 D-205 1 0.56332253
-1 D-206 0 -0.38591473
0.0 D-207 0 -0.2500515
-1 D-208 0 -0.72161084
-1 D-209 0 -0.71270811
0.0 D-210 0 -1.1842674
-1 D-211 0 -2.5670792
1.0 D-212 1 1.12828
0.0 D-213 1 0.12073973
0.0 D-214 1 0.37529393
-1 D-215 0 -0.60158233
-1 D-216 0 -0.59565448
-1 D-217 0 -0.49268871
-1 D-218 0 -0.64215711
0.0 D-219 1 0.37314756
-1 D-220 0 -2.9729444
-1 D-221 0 -3.7022054
0.0 D-222 0 -0.75098831
-1 D-223 0 -3.3801901
0.0 D-224 0 -0.41636568
0.0 D-225 0 -0.12141996
0.0 D-226 1 0.66572642
0.0 D-227 1 0.4333955
1.0 D-228 1 0.31169664
-1 D-229 0 -0.1447195
-1 D-230 0 -0.78020157
-1 D-231 0 -1.2876973
0.0 D-232 0 -0.44153096
-1 D-233 0 -1.0174071
-1 D-234 0 -2.2006344
1.0 D-235 1 0.017487619
0.0 D-236 1 0.18600331
-1 D-237 0 -1.7605559
-1 D-238 0 -2.193592
-1 D-239 0 -2.837476
-1 D-240 0 -0.48008513
-1 D-241 0 -2.2874314
-1 D-242 0 -1.0439354
0.0 D-243 1 0.44094194
-1 D-244 0 -2.0581679
-1 D-245 0 -2.3202796
-1 D-246 0 -0.42840906
-1 D-247 0 -2.008781
-1 D-248 0 -2.0231313
-1 D-249 0 -1.2114599
-1 D-250 0 -1.3118822
-1 D-251 0 -2.5061405
-1 D-252 0 -0.53708851
-1 D-253 0 -0.63725127
-1 D-254 0 -0.31177461
-1 D-255 0 -2.4809498
-1 D-256 0 -1.85632
-1 D-257 0 -1.9428254
-1 D-258 0 -1.7368878
-1 D-259 0 -1.9351864
-1 D-260 0 -1.7744554
-1 D-261 0 -1.8534316
-1 D-262 0 -1.7085902
-1 D-263 0 -1.8874094
-1 D-264 0 -1.9808106
-1 D-265 0 -1.6482888
-1 D-266 0 -2.369707
-1 D-267 0 -2.517052
-1 D-268 0 -1.7944938
-1 D-269 0 -1.5083308
-1 D-270 0 -1.8047266
-1 D-271 0 -1.6101612
-1 D-272 0 -1.6932168
-1 D-273 0 -1.544296
-1 D-274 0 -1.665614
-1 D-275 0 -1.8184821
-1 D-276 0 -1.4839946
-1 D-277 0 -2.2054127
-1 D-278 0 -0.32333327
-1 D-279 0 -2.0730943
-1 D-280 0 -2.1911674
-1 D-281 0 -2.1285338
-1 D-282 0 -2.1736754
-1 D-283 0 -2.0329136
-1 D-284 0 -2.1501521
-1 D-285 0 -2.2624967
-1 D-286 0 -1.9685326
-1 D-287 0 -2.6899508
-1 D-288 0 -0.96721626
-1 D-289 0 -2.0445349
-1 D-290 0 -1.8035785
-1 D-291 0 -1.980652
-1 D-292 0 -1.8019762
-1 D-293 0 -1.9273736
-1 D-294 0 -2.0356388
-1 D-295 0 -1.7416747
-1 D-296 0 -2.4630929
-1 D-297 0 -0.74035834
-1 D-298 0 -2.0611821
-1 D-299 0 -2.0599328
-1 D-300 0 -2.0131888
-1 D-301 0 -2.1006723
-1 D-302 0 -2.2170964
-1 D-303 0 -1.9190529
-1 D-304 0 -2.6404711
-1 D-305 0 -0.9177365
-1 D-306 0 -1.9585069
-1 D-307 0 -1.7334401
-1 D-308 0 -1.9528554
-1 D-309 0 -2.0313656
-1 D-310 0 -1.7374015
-1 D-311 0 -2.4588197
-1 D-312 0 -0.73608515
-1 D-313 0 -1.8368298
-1 D-314 0 -1.8779223
-1 D-315 0 -2.0883642
-1 D-316 0 -1.7605657
-1 D-317 0 -2.4819839
-1 D-318 0 -0.75924933
-1 D-319 0 -1.8786216
-1 D-320 0 -1.9107408
-1 D-321 0 -1.6810396
-1 D-322 0 -2.4024578
-1 D-323 0 -0.6797232
-1 D-324 0 -2.0345478
-1 D-325 0 -1.6795066
-1 D-326 0 -2.4460393
-1 D-327 0 -0.72330476
-1 D-328 0 -2.0871774
-1 D-329 0 -2.8244683
-1 D-330 0 -0.9870221
-1 D-331 0 -2.4303746
-1 D-332 0 -0.7095069
-1 D-333 0 -1.3868272
-1 D-334 0 -0.90803152
-1 D-335 0 -0.55267371
-1 D-336 0 -1.0116999
-1 D-337 0 -1.1361321
-1 D-338 0 -0.93367311
-1 D-339 0 -1.1413011
-1 D-340 0 -0.55585569
-1 D-341 0 -1.0877673
-1 D-342 0 -2.2590481
-1 D-343 0 -2.6413674
-1 D-344 0 -2.9366757
-1 D-345 0 -2.7064387
-1 D-346 0 -2.8586053
-1 D-347 0 -2.3286213
-1 D-348 0 -2.8605329
-1 D-349 0 -1.1449517
-1 D-350 0 -1.1891585
-1 D-351 0 -1.0847967
-1 D-352 0 -1.2010891
-1 D-353 0 -0.67722433
-1 D-354 0 -1.2050565
-1 D-355 0 -1.7168423
-1 D-356 0 -1.4341578
-1 D-357 0 -1.6823819
-1 D-358 0 -1.0303222
-1 D-359 0 -1.6525148
-1 D-360 0 -1.5830035
-1 D-361 0 -1.6529049
-1 D-362 0 -1.1327769
-1 D-363 0 -1.7211351
-1 D-364 0 -1.5959865
-1 D-365 0 -0.89753575
-1 D-366 0 -1.5839912
-1 D-367 0 -1.0501516
-1 D-368 0 -1.6563816
-1 D-369 0 -1.3699814
-1 D-370 0 -0.45049532
-1 D-371 0 -1.0205128
-1 D-372 0 -1.1523658
-1 D-373 0 -1.3491959
-1 D-374 0 -0.27221451
-1 D-375 0 -0.96048128
0.0 D-376 1 0.72023228
0.0 D-377 1 0.84901339
-1 D-378 0 -1.7034681
-1 D-379 0 -1.054418
-1 D-380 0 -1.5427059
-1 D-381 0 -0.46572452
-1 D-382 0 -0.93155484
0.0 D-383 1 0.77384417
0.0 D-384 1 0.90262528
-1 D-385 0 -1.3600382
-1 D-386 0 -2.0161071
-1 D-387 0 -0.9391257
-1 D-388 0 -1.258122
0.0 D-389 1 0.49803465
0.0 D-390 1 0.62681576
-1 D-391 0 -1.6270958
-1 D-392 0 -0.44210996
-1 D-393 0 -0.89141304
0.0 D-394 1 0.79022141
0.0 D-395 1 0.91900251
-1 D-396 0 -0.84627933
-1 D-397 0 -1.3457914
0.0 D-398 1 0.33584305
0.0 D-399 1 0.46462416
-1 D-400 0 -0.77295027
0.0 D-401 1 1.3832068
0.0 D-402 1 1.3622503
-1 D-403 0 -0.8904897
-1 D-404 0 -0.86537892
0.0 D-405 1 1.0975139
-1 D-406 0 -0.96311412
-1 D-407 0 -0.9707387
-1 D-408 0 -0.49902636
-1 D-409 0 -0.89922253
-1 D-410 0 -0.77716607
0.0 D-411 1 1.0163773
0.0 D-412 1 1.1451584
-1 D-413 0 -1.2683884
-1 D-414 0 -0.67618908
-1 D-415 0 -0.85714716
-1 D-416 0 -0.71178746
0.0 D-417 1 1.1064413
0.0 D-418 1 1.2352224
-1 D-419 0 -0.91540992
-1 D-420 0 -1.1414751
-1 D-421 0 -0.97866724
0.0 D-422 1 0.81579699
0.0 D-423 1 0.9445781
-1 D-424 0 -0.93854559
-1 D-425 0 -0.67275411
0.0 D-426 1 1.247963
0.0 D-427 1 1.3767441
-1 D-428 0 -0.65059639
0.0 D-429 1 1.6183905
0.0 D-430 1 1.5974339
-1 D-431 0 -0.8311369
-1 D-432 0 -0.80602612
0.0 D-433 1 0.91342541
-1 D-434 0 -0.71066842
-1 D-435 0 -0.67705955
-1 D-436 0 -0.42525787
-1 D-437 0 -1.1459315
-1 D-438 0 -1.0404807
-1 D-439 0 -2.0503183
-1 D-440 0 -1.6023941
0.0 D-441 0 -0.71117175
0.0 D-442 0 -0.093403463
-1 D-443 0 -3.5105218
-1 D-444 0 -4.27346
1.0 D-445 1 0.2401564
-1 D-446 0 -0.06256221
1.0 D-447 1 0.17007659
0.0 D-448 1 0.14035345
-1 D-449 0 -2.0866841
-1 D-450 0 -1.8443499
-1 D-451 0 -1.874073
-1 D-452 0 -2.0303936
-1 D-453 0 -1.8181798
-1 D-454 0 -0.87979221
1.0 D-455 1 0.18801786
-1 D-456 0 -0.29919294
-1 D-457 0 -0.68760851
-1 D-458 0 -1.5304124
-1 D-459 0 -1.7908027
1.0 D-460 1 0.42451168
-1 D-461 0 -1.7104582
-1 D-462 0 -1.6674015
0.0 D-463 1 0.51638823
-1 D-464 0 -2.0169418
-1 D-465 0 -2.8103792
-1 D-466 0 -2.4431506
0.0 D-467 0 -0.46162055
-1 D-468 0 -1.0850072
-1 D-469 0 -1.6956917
1.0 D-470 1 0.74452328
-1 D-471 0 -1.3625686
-1 D-472 0 -2.2004839
-1 D-473 0 -1.4942676
0.0 D-474 0 -0.21095478
-1 D-475 0 -0.28235194
-1 D-476 0 -0.63386698
-1 D-477 0 -1.3598734
-1 D-478 0 -1.1223519
1.0 D-479 1 0.067845054
-1 D-480 0 -2.1521824
-1 D-481 0 -1.8979109
-1 D-482 0 -1.7521216
-1 D-483 0 -1.0372058
-1 D-484 0 -1.2592042
0.0 D-485 0 -0.065224096
-1 D-486 0 -1.7465496
0.0 D-487 0 -1.4220449
-1 D-488 0 -0.95948777
0.0 D-489 0 -0.028762607
0.0 D-490 0 -1.5889595
0.0 D-491 1 0.60855098
1.0 D-492 1 1.0637682
0.0 D-493 1 0.36001114
-1 D-494 0 -0.52689602
1.0 D-495 1 0.71036207
0.0 D-496 1 0.64178768
0.0 D-497 1 0.18287352
-1 D-498 0 -1.0564327
0.0 D-499 1 0.41366116
-1 D-500 0 -0.022833175
0.0 D-501 0 -1.6685908
-1 D-502 0 -1.9555201
0.0 D-503 0 -1.7361872
-1 D-504 0 -1.6368085
-1 D-505 0 -1.6469633
-1 D-506 0 -3.4754384
1.0 D-507 1 0.080011432
0.0 D-508 0 -0.97666305
-1 D-509 0 -1.7137962
-1 D-510 0 -0.49260548
-1 D-511 0 -0.32899816
1.0 D-512 1 1.037225
0.0 D-513 1 0.64691509
0.0 D-514 1 0.018884501
-1 D-515 0 -0.86842934
-1 D-516 0 -1.8848961
1.0 D-517 1 0.091302061
0.0 D-518 0 -0.80282499
-1 D-519 0 -0.13041283
0.0 D-520 1 1.03669
-1 D-521 0 -0.42092829
0.0 D-522 1 0.32903327
-1 D-523 0 -0.43455535
-1 D-524 0 -0.14443785
0.0 D-525 0 -1.3495294
-1 D-526 0 -1.2225547
-1 D-527 0 -2.8506719
-1 D-528 0 -1.4189473
-1 D-529 0 -0.98243707
-1 D-530 0 -0.098193195
-1 D-531 0 -0.8393913
-1 D-532 0 -1.6094619
-1 D-533 0 -1.0041028
-1 D-534 0 -0.46270728
-1 D-535 0 -1.9666799
-1 D-536 0 -1.9644749
-1 D-537 0 -2.2423848
-1 D-538 0 -1.839288
-1 D-539 0 -2.0944809
-1 D-540 0 -2.1273137
-1 D-541 0 -1.3907406
-1 D-542 0 -2.8726675
-1 D-543 0 -1.2159394
-1 D-544 0 -2.6868466
-1 D-545 0 -2.6846415
-1 D-546 0 -2.9625514
-1 D-547 0 -2.5594546
-1 D-548 0 -2.8146476
-1 D-549 0 -2.8474803
-1 D-550 0 -1.9845654
-1 D-551 0 -3.0101694
-1 D-552 0 -1.922873
-1 D-553 0 -1.8850685
-1 D-554 0 -2.1629784
-1 D-555 0 -1.7598816
-1 D-556 0 -2.0150746
-1 D-557 0 -2.0479073
-1 D-558 0 -0.81179445
-1 D-559 0 -1.4443698
-1 D-560 0 -2.155206
-1 D-561 0 -2.3528905
-1 D-562 0 -2.047891
-1 D-563 0 -2.2692495
-1 D-564 0 -2.3020822
-1 D-565 0 -0.96174543
-1 D-566 0 -1.643658
-1 D-567 0 -2.4804625
-1 D-568 0 -1.9971403
-1 D-569 0 -2.3504306
-1 D-570 0 -2.3514686
-1 D-571 0 -0.65136901
-1 D-572 0 -1.7059406
-1 D-573 0 -2.1145515
-1 D-574 0 -2.289519
-1 D-575 0 -2.3866146
-1 D-576 0 -0.68855476
-1 D-577 0 -1.7431264
-1 D-578 0 -2.2112634
-1 D-579 0 -2.2559114
-1 D-580 0 -0.53007365
-1 D-581 0 -1.5846453
-1 D-582 0 -2.1853247
-1 D-583 0 -0.63036297
-1 D-584 0 -1.6849346
-1 D-585 0 -0.89432602
-1 D-586 0 -1.9311566
0.0 D-587 1 0.1178142
-1 D-588 0 -1.6631405
-1 D-589 0 -2.3302725
-1 D-590 0 -1.1892764
-1 D-591 0 -2.3044531
-1 D-592 0 -1.4116467
-1 D-593 0 -0.83581934
-1 D-594 0 -1.5182313
-1 D-595 0 -1.2243203
-1 D-596 0 -1.8289423
-1 D-597 0 -2.1316606
-1 D-598 0 -0.30487899
0.0 D-599 1 0.26947214
-1 D-600 0 -0.031783693
0.0 D-601 0 -0.6029239
0.0 D-602 0 -0.12569942
-1 D-603 0 -2.5490682
-1 D-604 0 -0.92626518
-1 D-605 0 -1.3711468
-1 D-606 0 -2.1131427
-1 D-607 0 -1.6359182
-1 D-608 0 -3.6557834
-1 D-609 0 -0.82106582
-1 D-610 0 -1.9811731
-1 D-611 0 -1.5039486
-1 D-612 0 -3.0012395
-1 D-613 0 -2.1132973
-1 D-614 0 -1.6360729
-1 D-615 0 -3.6886779
-1 D-616 0 -1.2247821
-1 D-617 0 -3.9887331
-1 D-618 0 -3.8056813
-1 D-619 0 -1.3923553
-1 D-620 0 -1.9421634
-1 D-621 0 -1.0160731
-1 D-622 0 -0.9053492
-1 D-623 0 -0.10392059
-1 D-624 0 -1.2076562
0.0 D-625 0 -0.96043956
0.0 D-626 0 -0.66687925
-1 D-627 0 -0.85998699
-1 D-628 0 -1.0027104
-1 D-629 0 -0.89358138
-1 D-630 0 -1.2886033
-1 D-631 0 -1.0204135
-1 D-632 0 -0.39019391
1.0 D-633 1 0.3984884
-1 D-634 0 -0.47989214
-1 D-635 0 -0.39699453
-1 D-636 0 -0.79200228
-1 D-637 0 -0.70910468
-1 D-638 0 -2.1452071
1.0 D-639 1 1.2854329
-1 D-640 0 -0.9609122
-1 D-641 0 -1.2814514
-1 D-642 0 -0.471378
-1 D-643 0 -0.31942116
1.0 D-644 1 0.29056437
-1 D-645 0 -1.8905411
-1 D-646 0 -2.6305377
-1 D-647 0 -1.9219583
-1 D-648 0 -0.44404874
-1 D-649 0 -1.6829997
-1 D-650 0 -1.6939381
-1 D-651 0 -1.5623031
-1 D-652 0 -1.8441945
-1 D-653 0 -2.0863036
-1 D-654 0 -2.2832179
-1 D-655 0 -2.3079193
-1 D-656 0 -2.3418858
-1 D-657 0 -2.5839949
-1 D-658 0 -0.442977
-1 D-659 0 -0.7557699
-1 D-660 0 -1.1547369
-1 D-661 0 -1.3292142
-1 D-662 0 -1.4715488
-1 D-663 0 -1.6328996
-1 D-664 0 -1.1188553
-1 D-665 0 -1.5683909
1.0 D-666 1 0.72605913
0.0 D-667 0 -0.19439107
0.0 D-668 0 -0.30450511
-1 D-669 0 -1.7566457
0.0 D-670 0 -0.57704065
0.0 D-671 0 -0.23533635
-1 D-672 0 -1.9377091
-1 D-673 0 -1.2844919
-1 D-674 0 -1.6713737
-1 D-675 0 -1.3977028
-1 D-676 0 -1.3583271
-1 D-677 0 -0.77020363
-1 D-678 0 -1.2617263
-1 D-679 0 -1.7744472
-1 D-680 0 -1.6319431
-1 D-681 0 -1.045072
-1 D-682 0 -0.98539311
-1 D-683 0 -0.39726959
-1 D-684 0 -0.88879221
-1 D-685 0 -1.6119337
-1 D-686 0 -1.4632354
-1 D-687 0 -1.4230964
-1 D-688 0 -1.0058489
-1 D-689 0 -1.4832813
-1 D-690 0 -1.9495866
-1 D-691 0 -2.5043307
-1 D-692 0 -1.8640868
-1 D-693 0 -2.3927662
-1 D-694 0 -1.7877507
-1 D-695 0 -1.8274748
-1 D-696 0 -2.4351826
-1 D-697 0 -1.7892994
-1 D-698 0 -1.9184362
-1 D-699 0 -1.4065676
-1 D-700 0 -2.286164
-1 D-701 0 -0.33363845
-1 D-702 0 -1.1119715
-1 D-703 0 -0.63891549
-1 D-704 0 -1.3264784
-1 D-705 0 -0.85342239
1.0 D-706 1 0.77399473
-1 D-707 0 -1.3852142
-1 D-708 0 -0.84791443
0.0 D-709 0 -0.41073385
0.0 D-710 0 -0.53533306
0.0 D-711 1 0.075902351
-1 D-712 0 -1.3052182
0.0 D-713 1 0.70014803
-1 D-714 0 -0.37530885
-1 D-715 0 -0.38929341
-1 D-716 0 -1.4750537
-1 D-717 0 -1.4583761
-1 D-718 0 -1.3598432
-1 D-719 0 -1.3738277
-1 D-720 0 -1.9141232
-1 D-721 0 -1.7869153
-1 D-722 0 -1.8008999
-1 D-723 0 -1.1912316
-1 D-724 0 -1.2052161
-1 D-725 0 -1.7295496
0.0 D-726 1 0.10829094
0.0 D-727 1 1.4907732
-1 D-728 0 -1.5594166
-1 D-729 0 -1.8520257
-1 D-730 0 -2.0850115
0.0 D-731 0 -0.20743535
-1 D-732 0 -1.2924061
-1 D-733 0 -1.7260845
-1 D-734 0 -2.1697841
-1 D-735 0 -1.8302613
0.0 D-736 0 -1.0377392
0.0 D-737 0 -0.25926558
0.0 D-738 0 -1.8755772
-1 D-739 0 -1.2356215
-1 D-740 0 -1.3070316
-1 D-741 0 -2.3377444
1.0 D-742 1 0.50170573
-1 D-743 0 -0.77912376
-1 D-744 0 -0.64711503
0.0 D-745 1 0.066896741
-1 D-746 0 -0.49727794
-1 D-747 0 -0.10888553
-1 D-748 0 -0.52989457
0.0 D-749 1 0.095647518
-1 D-750 0 -1.0987069
1.0 D-751 1 0.48841612
-1 D-752 0 -1.6479453
-1 D-753 0 -1.0476138
-1 D-754 0 -1.7871629
-1 D-755 0 -2.0814404
-1 D-756 0 -0.11766709
-1 D-757 0 -1.7840714
-1 D-758 0 -1.8855703
-1 D-759 0 -0.69839155
-1 D-760 0 -1.0354077
-1 D-761 0 -1.6321682
-1 D-762 0 -1.7044203
-1 D-763 0 -0.56032336
0.0 D-764 1 0.10267415
-1 D-765 0 -0.59489515
-1 D-766 0 -0.67235007
-1 D-767 0 -0.25670047
-1 D-768 0 -1.5655162
-1 D-769 0 -1.9988174
-1 D-770 0 -1.1067319
-1 D-771 0 -2.1453271
-1 D-772 0 -1.2973844
-1 D-773 0 -1.0505194
0.0 D-774 1 0.0023114927
0.0 D-775 1 0.7684234
-1 D-776 0 -0.7853699
-1 D-777 0 -1.4195724
-1 D-778 0 -2.0321393
-1 D-779 0 -0.57482422
-1 D-780 0 -0.53895241
0.0 D-781 0 -0.21835803
-1 D-782 0 -1.0209622
-1 D-783 0 -1.1387252
-1 D-784 0 -1.6518983
-1 D-785 0 -1.8249969
0.0 D-786 0 -0.92802784
1.0 D-787 1 0.15582269
-1 D-788 0 -0.21953631
-1 D-789 0 -0.93123929
0.0 D-790 0 -0.47127875
0.0 D-791 0 -0.49164877
-1 D-792 0 -1.7751074
-1 D-793 0 -0.95205111
-1 D-794 0 -2.4626242
-1 D-795 0 -2.1250257
0.0 D-796 1 0.47920066
-1 D-797 0 -2.4603538
-1 D-798 0 -2.3800898
-1 D-799 0 -2.5664511
-1 D-800 0 -1.850081
1.0 D-801 1 0.40552656
-1 D-802 0 -2.0142357
-1 D-803 0 -1.8923291
-1 D-804 0 -2.0786903
0.0 D-805 1 0.20540375
-1 D-806 0 -2.3888304
-1 D-807 0 -2.2119617
-1 D-808 0 -2.3983229
-1 D-809 0 -0.99346247
-1 D-810 0 -0.92086043
-1 D-811 0 -1.1072217
-1 D-812 0 -1.8662845
-1 D-813 0 -2.0526458
-1 D-814 0 -2.1414497
1.0 D-815 1 0.63353368
-1 D-816 0 -0.95264685
-1 D-817 0 -1.2471144
-1 D-818 0 -1.1770495
-1 D-819 0 -1.5079964
-1 D-820 0 -2.0792675
0.0 D-821 0 -0.075967604
-1 D-822 0 -1.1591259
-1 D-823 0 -0.81264208
-1 D-824 0 -1.7726565
-1 D-825 0 -0.86877611
-1 D-826 0 -1.3303251
1.0 D-827 1 0.22206408
-1 D-828 0 -0.59260693
-1 D-829 0 -2.2524693
-1 D-830 0 -1.9428803
-1 D-831 0 -1.5331913
-1 D-832 0 -1.7391205
-1 D-833 0 -1.4433766
-1 D-834 0 -2.5496481
-1 D-835 0 -3.3149238
-1 D-836 0 -3.0761109
-1 D-837 0 -3.2542621
-1 D-838 0 -2.9585182
-1 D-839 0 -2.0460212
-1 D-840 0 -1.5561068
-1 D-841 0 -1.8601333
-1 D-842 0 -1.5579304
-1 D-843 0 -2.1705815
-1 D-844 0 -2.2962853
-1 D-845 0 -2.0658033
-1 D-846 0 -2.0818952
-1 D-847 0 -1.9023365
-1 D-848 0 -1.967294
-1 D-849 0 -2.7835348
-1 D-850 0 -0.43917397
-1 D-851 0 -1.700954
-1 D-852 0 -0.96581674
-1 D-853 0 -1.3172108
-1 D-854 0 -1.4459211
-1 D-855 0 -1.9034691
-1 D-856 0 -2.284109
-1 D-857 0 -1.2037169
-1 D-858 0 -2.0331974
-1 D-859 0 -2.1528259
-1 D-860 0 -1.1163228
-1 D-861 0 -2.4457271
-1 D-862 0 -2.1924023
-1 D-863 0 -1.7455292
-1 D-864 0 -1.4951956
-1 D-865 0 -1.3272707
-1 D-866 0 -1.5592185
-1 D-867 0 -0.49504032
-1 D-868 0 -0.53970643
1.0 D-869 1 0.85909558
-1 D-870 0 -1.4566372
-1 D-871 0 -2.105878
-1 D-872 0 -1.6164333
-1 D-873 0 -2.0594826
-1 D-874 0 -2.9647362
-1 D-875 0 -0.92913656
-1 D-876 0 -0.72322983
-1 D-877 0 -0.9543107
-1 D-878 0 -1.7871419
-1 D-879 0 -1.1246718
-1 D-880 0 -1.4782401
-1 D-881 0 -2.5742162
-1 D-882 0 -1.3763516
-1 D-883 0 -1.6985218
-1 D-884 0 -1.4392091
-1 D-885 0 -0.85757603
0.0 D-886 0 -0.4478247
0.0 D-887 0 -0.36854487
0.0 D-888 0 -0.44289883
0.0 D-889 0 -0.44289883
-1 D-890 0 -0.19241997
-1 D-891 0 -0.43447933
-1 D-892 0 -0.69579037
-1 D-893 0 -1.4915721
-1 D-894 0 -2.1647467
-1 D-895 0 -1.1075679
0.0 D-896 0 -1.4067624
1.0 D-897 1 0.51939892
-1 D-898 0 -0.70798334
-1 D-899 0 -0.82885127
-1 D-900 0 -0.74569474
-1 D-901 0 -1.0560745
-1 D-902 0 -1.7932704
-1 D-903 0 -1.5859845
-1 D-904 0 -1.6283292
0.0 D-905 0 -0.16624886
0.0 D-906 1 0.20745833
0.0 D-907 1 0.65727919
0.0 D-908 0 -0.12035976
-1 D-909 0 -0.036487784
0.0 D-910 1 0.46471708
-1 D-911 0 -1.7095428
-1 D-912 0 -3.0422609
-1 D-913 0 -1.6041195
-1 D-914 0 -0.5178106
-1 D-915 0 -0.70673798
-1 D-916 0 -0.55117638
-1 D-917 0 -1.9758078
-1 D-918 0 -3.2025656
-1 D-919 0 -1.5479356
-1 D-920 0 -1.6975468
-1 D-921 0 -1.4635178
-1 D-922 0 -1.6704039
-1 D-923 0 -1.8336153
-1 D-924 0 -1.8109124
-1 D-925 0 -2.0170351
-1 D-926 0 -2.3831932
-1 D-927 0 -1.5751798
-1 D-928 0 -2.9494942
-1 D-929 0 -3.2686125
-1 D-930 0 -1.9150617
-1 D-931 0 -1.4042519
0.0 D-932 1 0.44053792
-1 D-933 0 -0.20375235
-1 D-934 0 -1.2959815
-1 D-935 0 -0.74841983
-1 D-936 0 -1.1820588
-1 D-937 0 -2.0634901
-1 D-938 0 -2.3414741
1.0 D-939 1 0.16353675
-1 D-940 0 -1.0232736
-1 D-941 0 -0.78754773
-1 D-942 0 -1.0299476
1.0 D-943 1 0.62925752
-1 D-944 0 -1.6671763
-1 D-945 0 -2.1203895
-1 D-946 0 -1.5429943
-1 D-947 0 -1.3688844
-1 D-948 0 -0.52352896
-1 D-949 0 -1.4389352
1.0 D-950 1 0.54781265
-1 D-951 0 -1.6510255
-1 D-952 0 -1.3935565
-1 D-953 0 -2.0270078
-1 D-954 0 -1.7835373
-1 D-955 0 -0.9264841
1.0 D-956 1 0.74154058
-1 D-957 0 -1.3284629
-1 D-958 0 -1.2163059
-1 D-959 0 -1.0814863
-1 D-960 0 -0.3876167
-1 D-961 0 -0.37120145
-1 D-962 0 -0.92811141
-1 D-963 0 -0.46833263
-1 D-964 0 -0.39458881
1.0 D-965 1 0.35943249
-1 D-966 0 -0.4987789
-1 D-967 0 -0.87765264
-1 D-968 0 -1.0329905
-1 D-969 0 -1.0449996
-1 D-970 0 -1.0799209
-1 D-971 0 -1.0758341
-1 D-972 0 -0.92995364
-1 D-973 0 -0.9462356
-1 D-974 0 -0.95087404
-1 D-975 0 -1.0817046
-1 D-976 0 -0.97179444
-1 D-977 0 -1.0968032
-1 D-978 0 -0.90592923
-1 D-979 0 -1.003175
-1 D-980 0 -0.78232238
-1 D-981 0 -0.80717593
-1 D-982 0 -1.6323342
-1 D-983 0 -1.5457351
-1 D-984 0 -1.6582694
-1 D-985 0 -1.6481368
-1 D-986 0 -1.6460898
-1 D-987 0 -1.4981696
-1 D-988 0 -1.5144515
-1 D-989 0 -1.51909
-1 D-990 0 -1.6499205
-1 D-991 0 -1.5400104
-1 D-992 0 -1.6650191
-1 D-993 0 -1.4741452
-1 D-994 0 -1.571391
-1 D-995 0 -1.3505383
-1 D-996 0 -1.3753919
-1 D-997 0 -2.1539938
-1 D-998 0 -1.9960454
-1 D-999 0 -2.1311693
-1 D-1000 0 -2.0932481
-1 D-1001 0 -1.9514471
-1 D-1002 0 -1.9636495
-1 D-1003 0 -1.968288
-1 D-1004 0 -2.0991185
-1 D-1005 0 -1.9892084
-1 D-1006 0 -2.1142171
-1 D-1007 0 -1.9233432
-1 D-1008 0 -2.020589
-1 D-1009 0 -1.7997363
-1 D-1010 0 -1.8245899
-1 D-1011 0 -2.0388724
-1 D-1012 0 -1.9956736
-1 D-1013 0 -2.0896841
-1 D-1014 0 -1.9099692
-1 D-1015 0 -1.9303306
-1 D-1016 0 -1.9308896
-1 D-1017 0 -2.0617201
-1 D-1018 0 -1.95181
-1 D-1019 0 -2.0768188
-1 D-1020 0 -1.8859448
-1 D-1021 0 -1.9831906
-1 D-1022 0 -1.7623379
-1 D-1023 0 -1.7871915
-1 D-1024 0 -2.0214257
-1 D-1025 0 -1.9371136
-1 D-1026 0 -1.8893304
-1 D-1027 0 -1.8717779
-1 D-1028 0 -1.8804958
-1 D-1029 0 -2.0072468
-1 D-1030 0 -1.8973367
-1 D-1031 0 -2.0223455
-1 D-1032 0 -1.8314715
-1 D-1033 0 -1.9287173
-1 D-1034 0 -1.7078646
-1 D-1035 0 -1.7327182
-1 D-1036 0 -2.2865682
-1 D-1037 0 -2.0604622
-1 D-1038 0 -2.1748415
-1 D-1039 0 -2.1456455
-1 D-1040 0 -2.2805555
-1 D-1041 0 -2.1665659
-1 D-1042 0 -2.2915746
-1 D-1043 0 -2.1007007
-1 D-1044 0 -2.1979465
-1 D-1045 0 -1.9770938
-1 D-1046 0 -2.0019474
-1 D-1047 0 -2.1156806
-1 D-1048 0 -2.0517371
-1 D-1049 0 -2.1544728
-1 D-1050 0 -2.2514689
-1 D-1051 0 -2.1456382
-1 D-1052 0 -2.2665675
-1 D-1053 0 -2.0756935
-1 D-1054 0 -2.1729393
-1 D-1055 0 -1.9520867
-1 D-1056 0 -1.9769402
-1 D-1057 0 -1.9651616
-1 D-1058 0 -1.8895746
-1 D-1059 0 -2.1185024
-1 D-1060 0 -1.9747579
-1 D-1061 0 -2.1038461
-1 D-1062 0 -1.9088926
-1 D-1063 0 -2.0061385
-1 D-1064 0 -1.7852858
-1 D-1065 0 -1.8101394
-1 D-1066 0 -1.9651616
-1 D-1067 0 -2.0157667
-1 D-1068 0 -2.0039539
-1 D-1069 0 -2.0951282
-1 D-1070 0 -1.9083337
-1 D-1071 0 -2.0015
-1 D-1072 0 -1.7806474
-1 D-1073 0 -1.8055009
-1 D-1074 0 -2.0797102
-1 D-1075 0 -1.8895746
-1 D-1076 0 -2.1126807
-1 D-1077 0 -1.8879723
-1 D-1078 0 -1.9892975
-1 D-1079 0 -1.7643654
-1 D-1080 0 -1.789219
-1 D-1081 0 -2.0855319
-1 D-1082 0 -2.1303153
-1 D-1083 0 -2.0375386
-1 D-1084 0 -2.1009499
-1 D-1085 0 -1.8841768
-1 D-1086 0 -1.9049508
-1 D-1087 0 -2.0738884
-1 D-1088 0 -1.802789
-1 D-1089 0 -1.9981321
-1 D-1090 0 -1.743445
-1 D-1091 0 -1.7682986
-1 D-1092 0 -1.9871028
-1 D-1093 0 -2.0041232
-1 D-1094 0 -1.8813678
-1 D-1095 0 -1.8997624
-1 D-1096 0 -1.9238983
-1 D-1097 0 -1.6228202
-1 D-1098 0 -1.7129356
-1 D-1099 0 -1.728027
-1 D-1100 0 -1.8690658
-1 D-1101 0 -1.692052
1.0 D-1102 1 0.58036937
-1 D-1103 0 -0.76176922
-1 D-1104 0 -1.0026041
0.0 D-1105 0 -0.024129979
0.0 D-1106 0 -1.2509236
1.0 D-1107 1 0.01973849
-1 D-1108 0 -1.4354664
-1 D-1109 0 -1.8052172
-1 D-1110 0 -1.2577772
-1 D-1111 0 -1.0059679
-1 D-1112 0 -0.6646714
-1 D-1113 0 -0.78447283
-1 D-1114 0 -1.4629964
-1 D-1115 0 -1.3788354
-1 D-1116 0 -1.7828608
-1 D-1117 0 -1.6151462
-1 D-1118 0 -1.057714
-1 D-1119 0 -1.1494106
-1 D-1120 0 -1.269212
-1 D-1121 0 -1.8420457
-1 D-1122 0 -1.454178
-1 D-1123 0 -2.4748721
-1 D-1124 0 -2.6287548
-1 D-1125 0 -2.7204515
-1 D-1126 0 -2.8402529
-1 D-1127 0 -3.4130866
-1 D-1128 0 -3.0252188
-1 D-1129 0 -1.2764479
-1 D-1130 0 -1.1904494
-1 D-1131 0 -1.210061
0.0 D-1132 1 0.0029088502
0.0 D-1133 0 -0.54281575
-1 D-1134 0 -2.7384845
-1 D-1135 0 -2.957035
-1 D-1136 0 -0.076723896
0.0 D-1137 0 -1.1749209
-1 D-1138 0 -3.0541176
-1 D-1139 0 -0.15956535
0.0 D-1140 0 -1.1762385
0.0 D-1141 1 0.1456562
0.0 D-1142 0 -0.87101696
0.0 D-1143 0 -0.98892515
1.0 D-1144 1 0.10758435
-1 D-1145 0 -1.6019726
0.0 D-1146 1 0.48688123
0.0 D-1147 1 0.22322397
-1 D-1148 0 -0.27220094
-1 D-1149 0 -0.33002078
-1 D-1150 0 -0.98088543
-1 D-1151 0 -1.3212713
-1 D-1152 0 -1.9593066
-1 D-1153 0 -1.7048296
-1 D-1154 0 -0.59892878
1.0 D-1155 1 1.6767334
0.0 D-1156 1 0.13065002
1.0 D-1157 1 1.1464009
-1 D-1158 0 -0.26349954
-1 D-1159 0 -0.29528427
0.0 D-1160 0 -0.35519939
-1 D-1161 0 -0.62587549
0.0 D-1162 1 0.26753182
-1 D-1163 0 -1.0015926
-1 D-1164 0 -0.34169372
-1 D-1165 0 -0.88613342
-1 D-1166 0 -1.1867065
-1 D-1167 0 -0.21889267
-1 D-1168 0 -0.80007046
-1 D-1169 0 -0.94563615
1.0 D-1170 1 0.56140597
0.0 D-1171 0 -0.39649764
-1 D-1172 0 -0.85973502
0.0 D-1173 0 -0.42740656
0.0 D-1174 0 -1.1242458
-1 D-1175 0 -1.264148
-1 D-1176 0 -1.983997
-1 D-1177 0 -1.6393627
1.0 D-1178 1 1.2167262
-1 D-1179 0 -1.272136
-1 D-1180 0 -1.8997184
1.0 D-1181 1 0.84728942
-1 D-1182 0 -1.8929353
