1.0 D-0 1 1.0285934
1.0 D-1 1 0.17385225
-1 D-2 0 -0.99976934
1.0 D-3 1 0.99986049
-1 D-4 0 -1.0127666
1.0 D-5 1 1
-1 D-6 0 -1
1.0 D-7 1 0.99996533
-1 D-8 0 -1.0918967
-1 D-9 0 -1
-1 D-10 0 -0.54451937
1.0 D-11 1 0.9998494
-1 D-12 0 -1.000074
-1 D-13 0 -1.2090741
1.0 D-14 1 0.99968497
-1 D-15 0 -1.0281658
1.0 D-16 1 1
-1 D-17 0 -1.2771171
0.0 D-18 0 -0.050431264
-1 D-19 0 -0.99975466
-1 D-20 0 -0.95592512
-1 D-21 0 -0.45306478
0.0 D-22 0 -0.49040953
1.0 D-23 1 0.13308034
-1 D-24 0 -1.0817134
1.0 D-25 1 1.2955478
-1 D-26 0 -0.99978224
1.0 D-27 1 1.0000045
-1 D-28 0 -1.039534
-1 D-29 0 -0.86281811
-1 D-30 0 -1
1.0 D-31 1 1
-1 D-32 0 -1.0437536
1.0 D-33 1 0.99961432
-1 D-34 0 -0.37705285
1.0 D-35 1 0.99992968
-1 D-36 0 -1.0790653
1.0 D-37 1 0.99950678
-1 D-38 0 -0.99982424
1.0 D-39 1 0.99992968
-1 D-40 0 -1.2120319
1.0 D-41 1 1.0000045
-1 D-42 0 -1.000074
0.0 D-43 1 0.49530585
-1 D-44 0 -0.99999408
0.0 D-45 1 0.83732986
1.0 D-46 1 0.99905732
-1 D-47 0 -1.2992206
0.0 D-48 1 0.25336048
1.0 D-49 1 0.99905732
-1 D-50 0 -1.2794093
-1 D-51 0 -0.9998019
1.0 D-52 1 1.0000045
-1 D-53 0 -0.99982424
0.0 D-54 1 0.49530585
1.0 D-55 1 1
-1 D-56 0 -1.2992206
0.0 D-57 1 0.89420572
0.0 D-58 0 -0.46840928
0.0 D-59 1 0.49053289
-1 D-60 0 -0.95617043
1.0 D-61 1 0.99905732
1.0 D-62 1 1.0000045
-1 D-63 0 -0.99982424
1.0 D-64 1 0.99984962
-1 D-65 0 -1.0759367
-1 D-66 0 -0.62459794
0.0 D-67 0 -0.21894918
1.0 D-68 1 1.0493933
-1 D-69 0 -0.99971984
1.0 D-70 1 0.99938304
-1 D-71 0 -1.0971135
1.0 D-72 1 1
-1 D-73 0 -1.0964965
1.0 D-74 1 0.99905732
-1 D-75 0 -1.1044815
1.0 D-76 1 0.99937993
-1 D-77 0 -1.0443737
1.0 D-78 1 0.9995189
-1 D-79 0 -0.99971531
1.0 D-80 1 0.03178325
1.0 D-81 1 0.62172239
-1 D-82 0 -1
0.0 D-83 0 -0.075731338
-1 D-84 0 -0.99978224
1.0 D-85 1 0.99937993
-1 D-86 0 -1.127327
0.0 D-87 1 0.46928037
-1 D-88 0 -0.98362506
-1 D-89 0 -0.90189179
-1 D-90 0 -0.90189179
1.0 D-91 1 0.99905732
-1 D-92 0 -1.392415
-1 D-93 0 -0.86100021
0.0 D-94 0 -0.32238483
1.0 D-95 1 1.0143495
-1 D-96 0 -1.1548124
1.0 D-97 1 0.14413454
1.0 D-98 1 0.48875577
-1 D-99 0 -1
1.0 D-100 1 1.3691963
1.0 D-101 1 0.99937993
1.0 D-102 1 1.4044611
0.0 D-103 0 -0.091509663
1.0 D-104 1 1.0097223
1.0 D-105 1 1.3691963
1.0 D-106 1 1.3691963
1.0 D-107 1 0.99979529
1.0 D-108 1 1.4314121
1.0 D-109 1 0.99959451
1.0 D-110 1 1.001029
1.0 D-111 1 0.99921929
1.0 D-112 1 0.99964764
