0.0 D-0 1 1.001029
1.0 D-1 1 1.0352693
-1 D-2 0 -0.99982424
1.0 D-3 1 1.001445
-1 D-4 0 -0.89852942
1.0 D-5 1 1.0097223
-1 D-6 0 -1.022276
1.0 D-7 1 0.91161315
-1 D-8 0 -0.88930939
0.0 D-9 0 -0.39878614
-1 D-10 0 -1.1495479
-1 D-11 0 -1.1495479
-1 D-12 0 -0.24381928
1.0 D-13 1 0.97795168
1.0 D-14 1 0.97795168
-1 D-15 0 -0.73434252
0.0 D-16 1 0.9199095
0.0 D-17 0 -0.3574429
0.0 D-18 1 0.88943275
1.0 D-19 1 0.89420572
0.0 D-20 1 0.39890951
1.0 D-21 1 0.84498506
-1 D-22 0 -0.91693252
1.0 D-23 1 0.88943275
-1 D-24 0 -1.1495479
0.0 D-25 0 -0.39878614
1.0 D-26 1 0.078801705
-1 D-27 0 -1.0569038
1.0 D-28 1 1.0360871
-1 D-29 0 -0.98376247
1.0 D-30 1 0.89420572
-1 D-31 0 -0.88930939
1.0 D-32 1 0.97795168
-1 D-33 0 -0.91693252
1.0 D-34 1 1.0097223
-1 D-35 0 -0.79611491
1.0 D-36 1 0.75646613
-1 D-37 0 -1.021639
1.0 D-38 1 0.88943275
0.0 D-39 0 -0.054164916
-1 D-40 0 -0.91693252
-1 D-41 0 -0.054164916
1.0 D-42 1 0.97795168
-1 D-43 0 -0.88930939
-1 D-44 0 -1.1495479
1.0 D-45 1 1.3691963
1.0 D-46 1 0.89420572
-1 D-47 0 -1.1495479
0.0 D-48 0 -0.39878614
-1 D-49 0 -1.1495479
0.0 D-50 1 0.9199095
1.0 D-51 1 0.90543248
-1 D-52 0 -1.1495479
0.0 D-53 0 -0.39878614
0.0 D-54 0 -0.054164916
-1 D-55 0 -1.1495479
0.0 D-56 1 0.39890951
0.0 D-57 0 -0.39878614
-1 D-58 0 -1.0569038
1.0 D-59 1 0.91587343
-1 D-60 0 -1.1495479
0.0 D-61 0 -0.054164916
1.0 D-62 1 0.89420572
-1 D-63 0 -1.1495479
1.0 D-64 1 0.88943275
0.0 D-65 0 -0.054164916
-1 D-66 0 -0.88930939
1.0 D-67 1 0.92623837
-1 D-68 0 -1.1495479
1.0 D-69 1 0.92947048
-1 D-70 0 -1.1495479
0.0 D-71 0 -0.26581952
1.0 D-72 1 0.34473495
0.0 D-73 1 0.99617011
-1 D-74 0 -0.86708338
1.0 D-75 1 0.91587343
-1 D-76 0 -1.1495479
0.0 D-77 1 0.89420572
1.0 D-78 1 0.97795168
-1 D-79 0 -0.91693252
1.0 D-80 1 0.88943275
-1 D-81 0 -1.1495479
1.0 D-82 1 0.89420572
-1 D-83 0 -1.1495479
-1 D-84 0 -0.76309166
-1 D-85 0 -0.3574429
-1 D-86 0 -0.38935156
0.0 D-87 1 0.9199095
1.0 D-88 1 0.89420572
-1 D-89 0 -1.022276
0.0 D-90 1 1.001029
0.0 D-91 1 1.001029
1.0 D-92 1 1.4044611
-1 D-93 0 -0.92613367
0.0 D-94 0 -0.39878614
-1 D-95 0 -1.1495479
-1 D-96 0 -1.2825145
1.0 D-97 1 0.97046251
1.0 D-98 1 0.88943275
-1 D-99 0 -0.88930939
1.0 D-100 1 1.0097223
-1 D-101 0 -0.39878614
0.0 D-102 1 0.078801705
1.0 D-103 1 0.89420572
1.0 D-104 1 1.3691963
1.0 D-105 1 1.3691963
1.0 D-106 1 0.23413831
1.0 D-107 1 0.34473495
1.0 D-108 1 1.3691963
1.0 D-109 1 1.3691963
1.0 D-110 1 0.75646613
0.0 D-111 0 -0.3574429
